 #SUP: 100
3 4 7 8  #SUP: 20
2 3 4 7 10  #SUP: 20
2 3 4 7  #SUP: 21
3 4 6 7 10  #SUP: 20
3 4 6 7  #SUP: 22
3 4 5 7 9  #SUP: 20
3 4 7 9 10  #SUP: 20
3 4 7 9  #SUP: 22
1 3 4 5 7  #SUP: 20
3 4 5 7 10  #SUP: 21
3 4 5 7  #SUP: 22
1 3 4 7 10  #SUP: 21
1 3 4 7  #SUP: 22
3 4 7 10  #SUP: 23
3 4 7  #SUP: 25
3 6 7 8  #SUP: 20
1 3 5 7 8 9  #SUP: 20
1 3 7 8 9  #SUP: 20
3 5 7 8 9  #SUP: 21
3 7 8 9  #SUP: 21
2 3 5 7 8 10  #SUP: 20
1 2 3 5 7 8  #SUP: 20
2 3 5 7 8  #SUP: 21
1 2 3 7 8 10  #SUP: 20
2 3 7 8 10  #SUP: 21
1 2 3 7 8  #SUP: 21
2 3 7 8  #SUP: 22
1 3 5 7 8 10  #SUP: 20
3 5 7 8 10  #SUP: 21
1 3 5 7 8  #SUP: 22
3 5 7 8  #SUP: 23
1 3 7 8 10  #SUP: 22
3 7 8 10  #SUP: 23
1 3 7 8  #SUP: 24
3 7 8  #SUP: 25
2 3 6 7 10  #SUP: 20
2 3 6 7  #SUP: 21
3 6 7 9  #SUP: 21
3 5 6 7 10  #SUP: 20
3 5 6 7  #SUP: 21
1 3 6 7 10  #SUP: 21
1 3 6 7  #SUP: 22
3 6 7 10  #SUP: 23
3 6 7  #SUP: 25
2 3 5 7 9 10  #SUP: 20
1 2 3 5 7 9  #SUP: 20
2 3 5 7 9  #SUP: 21
1 2 3 7 9 10  #SUP: 20
2 3 7 9 10  #SUP: 21
1 2 3 7 9  #SUP: 21
2 3 7 9  #SUP: 23
1 2 3 5 7 10  #SUP: 21
2 3 5 7 10  #SUP: 22
1 2 3 5 7  #SUP: 22
2 3 5 7  #SUP: 23
1 2 3 7 10  #SUP: 23
2 3 7 10  #SUP: 24
1 2 3 7  #SUP: 24
2 3 7  #SUP: 26
1 3 5 7 9 10  #SUP: 20
1 3 7 9 10  #SUP: 21
3 5 7 9 10  #SUP: 22
3 7 9 10  #SUP: 23
1 3 5 7 9  #SUP: 22
1 3 7 9  #SUP: 23
3 5 7 9  #SUP: 24
3 7 9  #SUP: 26
1 3 5 7 10  #SUP: 23
3 5 7 10  #SUP: 25
1 3 5 7  #SUP: 25
3 5 7  #SUP: 27
1 3 7 10  #SUP: 26
3 7 10  #SUP: 28
1 3 7  #SUP: 28
3 7  #SUP: 31
2 4 7 8  #SUP: 20
4 6 7 8  #SUP: 20
4 5 7 8 9  #SUP: 20
4 7 8 9  #SUP: 21
1 4 7 8 10  #SUP: 20
4 5 7 8 10  #SUP: 21
4 7 8 10  #SUP: 22
1 4 5 7 8  #SUP: 21
4 5 7 8  #SUP: 23
1 4 7 8  #SUP: 23
4 7 8  #SUP: 25
2 4 7 9 10  #SUP: 20
1 2 4 7 10  #SUP: 20
2 4 5 7 10  #SUP: 21
2 4 7 10  #SUP: 22
2 4 5 7 9  #SUP: 20
1 2 4 5 7  #SUP: 20
2 4 5 7  #SUP: 22
2 4 6 7 9  #SUP: 20
1 2 4 7 9  #SUP: 20
2 4 7 9  #SUP: 23
1 2 4 6 7  #SUP: 20
2 4 6 7  #SUP: 23
1 2 4 7  #SUP: 23
2 4 7  #SUP: 26
4 5 6 7 10  #SUP: 20
4 6 7 10  #SUP: 22
1 4 7 9 10  #SUP: 20
4 5 7 9 10  #SUP: 22
4 7 9 10  #SUP: 23
1 4 5 7 10  #SUP: 21
1 4 7 10  #SUP: 23
4 5 7 10  #SUP: 24
4 7 10  #SUP: 26
4 5 6 7 9  #SUP: 20
4 6 7 9  #SUP: 23
1 4 5 7 9  #SUP: 21
1 4 7 9  #SUP: 23
4 5 7 9  #SUP: 24
4 7 9  #SUP: 27
4 5 6 7  #SUP: 22
1 4 6 7  #SUP: 23
4 6 7  #SUP: 27
1 4 5 7  #SUP: 24
4 5 7  #SUP: 27
1 4 7  #SUP: 28
4 7  #SUP: 32
2 6 7 8  #SUP: 20
2 5 7 8 9 10  #SUP: 20
2 7 8 9 10  #SUP: 20
1 2 7 8 9  #SUP: 20
2 5 7 8 9  #SUP: 21
2 7 8 9  #SUP: 22
1 2 5 7 8 10  #SUP: 20
1 2 7 8 10  #SUP: 21
2 5 7 8 10  #SUP: 22
2 7 8 10  #SUP: 23
1 2 5 7 8  #SUP: 21
2 5 7 8  #SUP: 23
1 2 7 8  #SUP: 23
2 7 8  #SUP: 25
6 7 8 9  #SUP: 20
5 6 7 8  #SUP: 20
1 6 7 8  #SUP: 21
6 7 8 10  #SUP: 23
6 7 8  #SUP: 25
1 5 7 8 9 10  #SUP: 20
1 7 8 9 10  #SUP: 20
5 7 8 9 10  #SUP: 22
7 8 9 10  #SUP: 23
1 5 7 8 9  #SUP: 22
1 7 8 9  #SUP: 23
5 7 8 9  #SUP: 25
7 8 9  #SUP: 27
1 5 7 8 10  #SUP: 22
5 7 8 10  #SUP: 24
1 7 8 10  #SUP: 24
7 8 10  #SUP: 28
1 5 7 8  #SUP: 25
5 7 8  #SUP: 28
1 7 8  #SUP: 28
7 8  #SUP: 33
2 5 6 7 10  #SUP: 20
2 6 7 9 10  #SUP: 20
1 2 6 7 10  #SUP: 21
2 6 7 10  #SUP: 23
1 2 5 7 9 10  #SUP: 20
2 5 7 9 10  #SUP: 22
1 2 5 7 10  #SUP: 22
2 5 7 10  #SUP: 24
1 2 7 9 10  #SUP: 22
2 7 9 10  #SUP: 24
1 2 7 10  #SUP: 25
2 7 10  #SUP: 27
2 5 6 7  #SUP: 21
1 2 6 7 9  #SUP: 20
2 6 7 9  #SUP: 23
1 2 6 7  #SUP: 24
2 6 7  #SUP: 27
1 2 5 7 9  #SUP: 22
2 5 7 9  #SUP: 24
1 2 5 7  #SUP: 25
2 5 7  #SUP: 27
1 2 7 9  #SUP: 25
2 7 9  #SUP: 28
1 2 7  #SUP: 30
2 7  #SUP: 33
5 6 7 9 10  #SUP: 20
6 7 9 10  #SUP: 23
1 5 7 9 10  #SUP: 22
1 7 9 10  #SUP: 24
5 7 9 10  #SUP: 25
7 9 10  #SUP: 28
5 6 7 10  #SUP: 22
1 6 7 10  #SUP: 23
6 7 10  #SUP: 28
1 5 7 10  #SUP: 25
5 7 10  #SUP: 28
1 7 10  #SUP: 29
7 10  #SUP: 34
1 6 7 9  #SUP: 22
5 6 7 9  #SUP: 22
6 7 9  #SUP: 27
1 5 7 9  #SUP: 25
1 7 9  #SUP: 28
5 7 9  #SUP: 30
7 9  #SUP: 35
1 5 6 7  #SUP: 22
5 6 7  #SUP: 26
1 6 7  #SUP: 28
6 7  #SUP: 35
1 5 7  #SUP: 31
5 7  #SUP: 37
1 7  #SUP: 37
7  #SUP: 47
2 4 8 10  #SUP: 20
1 2 4 8  #SUP: 20
2 4 6 8  #SUP: 21
2 4 5 8 9  #SUP: 20
2 4 5 8  #SUP: 22
2 4 8 9  #SUP: 22
2 4 8  #SUP: 24
2 3 4 5  #SUP: 20
1 2 3 4 10  #SUP: 20
1 2 3 4  #SUP: 20
2 3 4 6  #SUP: 21
2 3 4 10  #SUP: 22
2 3 4 9  #SUP: 22
2 3 4  #SUP: 25
2 4 6 10  #SUP: 21
1 2 4 5 10  #SUP: 20
2 4 5 9 10  #SUP: 20
2 4 5 10  #SUP: 22
1 2 4 9 10  #SUP: 20
1 2 4 10  #SUP: 22
2 4 9 10  #SUP: 22
2 4 10  #SUP: 25
1 2 4 5 9  #SUP: 20
1 2 4 5  #SUP: 22
2 4 5 6 9  #SUP: 21
2 4 5 6  #SUP: 23
2 4 5 9  #SUP: 24
2 4 5  #SUP: 26
1 2 4 6 9  #SUP: 20
1 2 4 6  #SUP: 23
1 2 4 9  #SUP: 23
1 2 4  #SUP: 27
2 4 6 9  #SUP: 26
2 4 6  #SUP: 29
2 4 9  #SUP: 29
2 4  #SUP: 34
3 4 5 8 9  #SUP: 20
3 4 8 9  #SUP: 21
1 3 4 8 10  #SUP: 20
1 3 4 8  #SUP: 22
3 4 5 8 10  #SUP: 20
3 4 5 8  #SUP: 22
3 4 8 10  #SUP: 22
3 4 6 8  #SUP: 22
3 4 8  #SUP: 25
1 3 4 5 9  #SUP: 20
1 3 4 5 10  #SUP: 20
1 3 4 5  #SUP: 22
1 3 4 9 10  #SUP: 20
1 3 4 9  #SUP: 22
1 3 4 6 10  #SUP: 20
1 3 4 10  #SUP: 23
1 3 4 6  #SUP: 23
1 3 4  #SUP: 26
3 4 5 6 10  #SUP: 20
3 4 5 9 10  #SUP: 21
3 4 5 10  #SUP: 23
3 4 5 6 9  #SUP: 21
3 4 5 6  #SUP: 23
3 4 5 9  #SUP: 24
3 4 5  #SUP: 26
3 4 6 9 10  #SUP: 20
3 4 6 10  #SUP: 23
3 4 9 10  #SUP: 23
3 4 10  #SUP: 27
3 4 6 9  #SUP: 25
3 4 6  #SUP: 29
3 4 9  #SUP: 29
3 4  #SUP: 34
1 4 6 10  #SUP: 22
1 4 5 8 10  #SUP: 20
1 4 8 10  #SUP: 22
1 4 5 9 10  #SUP: 21
1 4 9 10  #SUP: 23
1 4 5 10  #SUP: 23
1 4 10  #SUP: 26
4 6 8 10  #SUP: 21
4 5 6 9 10  #SUP: 21
4 6 9 10  #SUP: 23
4 5 6 10  #SUP: 23
4 6 10  #SUP: 26
4 5 8 9 10  #SUP: 21
4 8 9 10  #SUP: 22
4 5 9 10  #SUP: 25
4 9 10  #SUP: 27
4 5 8 10  #SUP: 25
4 8 10  #SUP: 28
4 5 10  #SUP: 29
4 10  #SUP: 34
1 4 6 8  #SUP: 22
1 4 5 8 9  #SUP: 20
1 4 8 9  #SUP: 22
1 4 5 8  #SUP: 23
1 4 8  #SUP: 27
4 5 6 8 9  #SUP: 21
4 6 8 9  #SUP: 23
4 5 6 8  #SUP: 23
4 6 8  #SUP: 27
4 5 8 9  #SUP: 25
4 8 9  #SUP: 27
4 5 8  #SUP: 30
4 8  #SUP: 35
1 4 5 6 9  #SUP: 21
1 4 5 6  #SUP: 23
1 4 5 9  #SUP: 25
1 4 5  #SUP: 28
1 4 6 9  #SUP: 24
1 4 9  #SUP: 28
1 4 6  #SUP: 29
1 4  #SUP: 35
4 5 6 9  #SUP: 27
4 5 6  #SUP: 29
4 5 9  #SUP: 31
4 5  #SUP: 36
4 6 9  #SUP: 32
4 6  #SUP: 37
4 9  #SUP: 40
4  #SUP: 51
2 3 6 8  #SUP: 20
2 3 8 9 10  #SUP: 20
1 2 3 8 9  #SUP: 20
2 3 5 8 9  #SUP: 21
2 3 8 9  #SUP: 22
1 2 3 5 8 10  #SUP: 20
2 3 5 8 10  #SUP: 21
1 2 3 8 10  #SUP: 22
2 3 8 10  #SUP: 23
1 2 3 5 8  #SUP: 21
1 2 3 8  #SUP: 23
2 3 5 8  #SUP: 23
2 3 8  #SUP: 25
2 6 8 10  #SUP: 21
1 2 8 9 10  #SUP: 20
2 5 8 9 10  #SUP: 21
2 8 9 10  #SUP: 22
1 2 5 8 10  #SUP: 21
1 2 8 10  #SUP: 23
2 5 8 10  #SUP: 23
2 8 10  #SUP: 25
1 2 6 8  #SUP: 21
2 5 6 8 9  #SUP: 20
2 6 8 9  #SUP: 22
2 5 6 8  #SUP: 22
2 6 8  #SUP: 25
1 2 5 8 9  #SUP: 21
1 2 8 9  #SUP: 23
1 2 5 8  #SUP: 23
1 2 8  #SUP: 26
2 5 8 9  #SUP: 25
2 8 9  #SUP: 27
2 5 8  #SUP: 27
2 8  #SUP: 31
3 6 8 9 10  #SUP: 20
3 5 6 8 9  #SUP: 20
3 6 8 9  #SUP: 22
1 3 5 8 9 10  #SUP: 20
1 3 8 9 10  #SUP: 22
3 5 8 9 10  #SUP: 22
3 8 9 10  #SUP: 24
1 3 5 8 9  #SUP: 22
1 3 8 9  #SUP: 24
3 5 8 9  #SUP: 25
3 8 9  #SUP: 27
3 5 6 8 10  #SUP: 20
3 5 6 8  #SUP: 22
1 3 5 8 10  #SUP: 22
3 5 8 10  #SUP: 24
1 3 5 8  #SUP: 24
3 5 8  #SUP: 27
1 3 6 8 10  #SUP: 22
3 6 8 10  #SUP: 24
1 3 6 8  #SUP: 24
3 6 8  #SUP: 27
1 3 8 10  #SUP: 26
3 8 10  #SUP: 28
1 3 8  #SUP: 29
3 8  #SUP: 33
1 6 8 9  #SUP: 22
1 5 8 9 10  #SUP: 22
1 8 9 10  #SUP: 24
1 5 8 9  #SUP: 25
1 8 9  #SUP: 28
1 6 8 10  #SUP: 23
1 5 8 10  #SUP: 24
1 8 10  #SUP: 28
1 5 6 8  #SUP: 21
1 5 8  #SUP: 28
1 6 8  #SUP: 28
1 8  #SUP: 35
5 6 8 9 10  #SUP: 20
6 8 9 10  #SUP: 23
5 8 9 10  #SUP: 25
8 9 10  #SUP: 28
5 6 8 9  #SUP: 24
6 8 9  #SUP: 28
5 8 9  #SUP: 31
8 9  #SUP: 35
5 6 8 10  #SUP: 22
6 8 10  #SUP: 28
5 8 10  #SUP: 29
8 10  #SUP: 36
5 6 8  #SUP: 26
5 8  #SUP: 36
6 8  #SUP: 36
8  #SUP: 51
2 3 5 6 10  #SUP: 20
2 3 5 6  #SUP: 21
1 2 3 5 9 10  #SUP: 21
1 2 3 5 9  #SUP: 22
1 2 3 5 10  #SUP: 23
1 2 3 5  #SUP: 24
2 3 5 9 10  #SUP: 22
2 3 5 10  #SUP: 24
2 3 5 9  #SUP: 24
2 3 5  #SUP: 26
1 2 3 6 10  #SUP: 22
1 2 3 6  #SUP: 22
1 2 3 9 10  #SUP: 23
1 2 3 9  #SUP: 24
1 2 3 10  #SUP: 26
1 2 3  #SUP: 27
2 3 6 9 10  #SUP: 21
2 3 6 10  #SUP: 24
2 3 6 9  #SUP: 24
2 3 6  #SUP: 27
2 3 9 10  #SUP: 25
2 3 10  #SUP: 29
2 3 9  #SUP: 30
2 3  #SUP: 34
1 2 5 6 10  #SUP: 21
2 5 6 9 10  #SUP: 21
2 5 6 10  #SUP: 23
1 2 5 9 10  #SUP: 23
1 2 5 10  #SUP: 25
2 5 9 10  #SUP: 25
2 5 10  #SUP: 27
1 2 6 9 10  #SUP: 23
1 2 6 10  #SUP: 26
2 6 9 10  #SUP: 26
2 6 10  #SUP: 29
1 2 9 10  #SUP: 27
1 2 10  #SUP: 30
2 9 10  #SUP: 30
2 10  #SUP: 34
1 2 5 6 9  #SUP: 21
1 2 5 6  #SUP: 23
2 5 6 9  #SUP: 25
2 5 6  #SUP: 28
1 2 5 9  #SUP: 26
1 2 5  #SUP: 29
2 5 9  #SUP: 30
2 5  #SUP: 35
1 2 6 9  #SUP: 26
1 2 6  #SUP: 30
1 2 9  #SUP: 31
1 2  #SUP: 37
2 6 9  #SUP: 33
2 9  #SUP: 39
2 6  #SUP: 39
2  #SUP: 52
1 3 5 6 10  #SUP: 21
3 5 6 9 10  #SUP: 22
3 5 6 10  #SUP: 24
1 3 5 6 9  #SUP: 21
1 3 5 6  #SUP: 24
3 5 6 9  #SUP: 25
3 5 6  #SUP: 28
1 3 5 9 10  #SUP: 23
1 3 5 10  #SUP: 26
3 5 9 10  #SUP: 26
3 5 10  #SUP: 29
1 3 5 9  #SUP: 26
1 3 5  #SUP: 30
3 5 9  #SUP: 30
3 5  #SUP: 35
1 3 6 9 10  #SUP: 23
1 3 6 9  #SUP: 25
1 3 9 10  #SUP: 27
1 3 9  #SUP: 30
1 3 6 10  #SUP: 27
1 3 6  #SUP: 31
1 3 10  #SUP: 32
1 3  #SUP: 37
3 6 9 10  #SUP: 28
3 9 10  #SUP: 32
3 6 10  #SUP: 32
3 10  #SUP: 39
3 6 9  #SUP: 33
3 9  #SUP: 40
3 6  #SUP: 40
3  #SUP: 52
1 5 6 9 10  #SUP: 21
1 5 6 10  #SUP: 23
5 6 9 10  #SUP: 25
5 6 10  #SUP: 27
1 5 9 10  #SUP: 26
1 5 10  #SUP: 29
5 9 10  #SUP: 30
5 10  #SUP: 35
1 6 9 10  #SUP: 27
1 9 10  #SUP: 33
6 9 10  #SUP: 34
9 10  #SUP: 40
1 6 10  #SUP: 32
6 10  #SUP: 40
1 10  #SUP: 41
10  #SUP: 54
1 5 6 9  #SUP: 25
1 5 6  #SUP: 29
5 6 9  #SUP: 31
5 6  #SUP: 38
1 5 9  #SUP: 31
1 5  #SUP: 39
5 9  #SUP: 39
5  #SUP: 56
1 6 9  #SUP: 32
1 9  #SUP: 39
1 6  #SUP: 42
1  #SUP: 57
6 9  #SUP: 43
9  #SUP: 57
6  #SUP: 62
